15,200,0.5,0.0,0.0
15,200,1.0,0.0,0.0
15,200,1.5,0.0,0.0
15,200,1.8,0.10322513328798777,0.05610924799814125
15,200,2.2,0.1976630874806663,0.22574409657695058
15,200,2.3,0.060345698518539485,0.041838429964522236
15,200,2.4,0.3520438957475999,7.692312102041116
15,200,2.5,0.5475477250783121,1.767537148824444
15,200,2.6,0.5646885740775262,18.685749675174886
15,200,2.7,0.2643293481954314,0.3776833800818622
15,200,2.8,0.6491190306968556,4.591022734651605
15,200,2.9,0.32154431670131023,7.714557497739387
15,200,3.2,0.26887261224740455,3.931120938517698
15,200,4.0,0.11291335913027475,1.01444717154926
15,200,4.5,0.10613590908436023,0.5984147847867143
15,200,0.5,0.0,0.0
15,200,1.0,0.0,0.0
15,200,1.5,0.0011125497341823293,0.0004172061503287996
15,200,1.8,0.03188156155664314,0.010736768830681042
15,200,2,0.017243559977888293,0.009548700939646942
15,200,2.2,0.33661253979058925,0.22662963521321347
15,200,2.3,0.36603933586519116,0.5114558180649094
15,200,2.4,0.16828668727692142,0.18196327006906376
15,200,2.5,0.8724744160678094,10.423324051348139
15,200,2.6,0.4202892034094997,13.217413181006254
15,200,2.7,0.585112709749698,1.3140415526388822
15,200,2.8,0.6248425296044342,6.3063369571896555
15,200,2.9,0.4126555198348038,1.475754611362346
15,200,3.2,0.2918825624961612,6.327998771575128
15,200,4.0,0.13528938025919796,1.066714034764731
15,200,4.5,0.11342323408108071,0.7647626340178952
15,200,0.5,0.0,0.0
15,200,1.0,0.0,0.0
15,200,1.5,2.536976671190774e-27,7.283897864551636e-28
15,200,1.8,0.048008213770349584,0.014506998614235374
15,200,2,0.47013603587003266,0.8629810945272494
15,200,2.2,0.2912479333766835,0.3722374882046873
15,200,2.3,0.2769371235261069,0.2854097520979869
15,200,2.4,0.5826265107930858,13.993944352311875
15,200,2.5,0.47433949266015624,1.5145702794656617
15,200,2.6,0.4720420688579893,11.338623879652728
15,200,2.7,0.5991537410240867,7.104269780499087
15,200,2.8,0.5040905826122601,9.767421376362702
15,200,2.9,0.5326630831982396,2.1827067641779174
15,200,3.2,0.22770775750875225,2.990316073951104
15,200,4.0,0.13664831398562752,0.8672921810698854
15,200,4.5,0.10426333444801592,0.8249461935863358
15,200,0.5,0.0,0.0
15,200,1.0,0.0,0.0
15,200,1.5,0.003582242423001623,0.0005665827242530538
15,200,1.8,0.12108529142126633,0.06098102082143592
15,200,2,0.2550903752840738,0.1596639027089536
15,200,2.2,0.39878087371529347,0.5761039918254052
15,200,2.3,0.5018684309554471,1.2313418628808694
15,200,2.4,0.33838270922479546,0.39344053395598955
15,200,2.5,0.575760085498435,6.691318597137179
15,200,2.6,0.9180244151439451,3.9212575300144072
15,200,2.7,0.40488115401923075,5.647754424038119
15,200,2.8,0.3577472676927782,1.5829264260709448
15,200,2.9,0.2991779348439174,11.732338664279986
15,200,3.2,0.3119875928996992,5.824602174313078
15,200,4.0,0.14813773109759837,1.075962410171288
15,200,4.5,0.10227599511966161,0.8341035890504435
15,200,0.5,0.0,0.0
15,200,1.0,0.0,0.0
15,200,1.5,0.0,0.0
15,200,1.8,0.0012443194786621837,0.00043109555106210913
15,200,2.3,0.5891860309180136,9.796571025709172
15,200,2.4,0.2135304274239231,0.3105080359519848
15,200,2.5,0.18262912007861928,0.13754374792707014
15,200,2.6,0.3768257841481461,0.9266264309978064
15,200,2.7,0.6649777884949079,10.430621396901614
15,200,2.8,0.5869444413107061,2.839662709380917
15,200,2.9,0.4146070720953734,2.6154046116800687
15,200,3.2,0.18085252748602645,1.4811232725267436
15,200,4.0,0.18670460045451748,1.5321321294761179
15,200,4.5,0.11800031089788081,0.9356562482510581
15,200,2,0.5366832995516237,1.293519759229717
15,200,2.2,0.02594630155010067,0.012240302415868647
15,200,2.3,0.4784479200301783,1.110620638087677
15,200,2.4,0.5698536125954586,1.2742748807401187
15,200,2.5,0.587012324058719,6.137572719120493
15,200,2.6,0.5929240494873865,9.7604398142255
15,200,2.7,0.6625607588402214,1.3469227433925663
15,200,2.8,0.4697720768793975,5.306898172278997
15,200,2,0.1536165100423806,0.10636594803765645
15,200,2.2,0.18331799831573706,0.12981324578023376
15,200,2.3,0.309381756994858,0.413686628585886
15,200,2.4,0.5598727896866835,0.8219242880252929
15,200,2.5,0.6186944978809661,1.1027245992260815
15,200,2.6,0.5439023888519995,3.4502199732583825
15,200,2.7,0.399745990533707,3.8827394622692455
15,200,2.8,0.3167754074174359,6.4815360235859565
15,200,2,0.051674860266568264,0.01598565198646691
15,200,2.2,0.1343791399090661,0.13385070159912735
15,200,2.3,0.5479140459572888,1.2764180386311577
15,200,2.4,0.4610271004374561,3.3100102778290585
15,200,2.5,0.36985866126159306,0.8449465462807858
15,200,2.6,0.35187370910804966,3.563455882978127
15,200,2.7,0.40221909976274883,8.899480066517913
15,200,2.8,0.40183341293030966,7.353370151008991
15,200,2,0.2575715987961426,0.257612480805227
15,200,2.2,0.19193752693526583,0.24169129660418098
15,200,2.3,0.32966641505998906,1.0940080488597588
15,200,2.4,0.7260864402268489,3.32587662510422
15,200,2.5,0.5915755110865423,3.470083852343879
15,200,2.6,0.5451849525838557,6.836793128375539
15,200,2.7,0.69064325277034,11.289450215770197
15,200,2.8,0.6241040702258429,8.98286388165058
15,200,2,0.05043896566549975,0.01620382040363548
15,200,2.2,0.10640108304513572,0.04821182527272414
15,200,2.3,0.20228896359296655,0.19028216939997172
15,200,2.4,0.5074239229094584,2.695732530762564
15,200,2.5,1.5349280108101464,20.90277784411338
15,200,2.6,0.40445417008754175,2.1053524400785166
15,200,2.7,0.3893410725842076,6.8564828714227
15,200,2.8,0.5619250685348767,4.386697482604795
15,200,2.2,0.5941906425428214,1.0558057747178464
15,200,2.3,0.7299962276414601,3.1259399833902237
15,200,2.4,0.7113360495192081,20.832193927482255
15,200,2.5,0.13515818831767096,0.2201156587441509
15,200,2.55,0.5498615191990172,4.737427016453937
15,200,2.6,0.40772268397220535,2.521663439686249
15,200,2.65,0.594732091337589,1.0039835390950753
15,200,2.7,0.07941255971830137,0.059840896114180475
15,200,2.8,0.6878879475136287,8.297562627777646
15,200,2.9,0.44892619739195383,2.6120798307319886
15,200,2.2,0.27620501715481366,0.38788236148083644
15,200,2.3,0.8842326304020979,4.624223253032564
15,200,2.4,0.7057884787311722,23.852170587391747
15,200,2.5,0.46967315717707725,2.430296478103222
15,200,2.55,0.5923735861443968,1.147634165170558
15,200,2.6,0.8464781069450008,12.623940657584411
15,200,2.65,0.48874494660119705,1.5509892790886042
15,200,2.7,0.5799464868076077,0.6778545862358744
15,200,2.8,0.3029809380911017,4.049019663586248
15,200,2.9,0.5690407053705508,6.228053466172449
15,200,2.2,1.5580457471848987,3.136578208842448
15,200,2.3,0.1319097248709428,0.13775357244912792
15,200,2.4,0.5326869083935604,20.157016399483634
15,200,2.5,0.8952646898839138,8.38313471653981
15,200,2.55,0.5605370520676604,3.007907121376391
15,200,2.6,0.5701272583681053,2.303180243133837
15,200,2.65,0.35803088640234326,3.4117858691646386
15,200,2.7,0.3609704159181737,5.00749061278001
15,200,2.8,0.3704631290511421,4.541827020101912
15,200,2.9,0.4123006581572252,3.2742504590711503
15,200,2.2,1.6743677998133006,8.260260805958458
15,200,2.3,0.5955671199418433,0.9513602572226615
15,200,2.4,0.29673579973930064,0.26090289294276875
15,200,2.5,0.8964275000307097,11.387048874147816
15,200,2.55,0.7125190334560876,4.855238115883474
15,200,2.6,0.6901686177920395,5.139371178296661
15,200,2.65,0.3780539693491369,0.7488866220955316
15,200,2.7,0.5308501136041075,14.566909103316778
15,200,2.8,0.3550862467706817,2.590984407767597
15,200,2.9,0.5167017863516347,9.002095999356612
15,200,2.2,0.23662054993880713,0.27559477584081005
15,200,2.3,0.33975167454287236,0.9278161847763728
15,200,2.4,0.8493958192576209,2.5866188399561767
15,200,2.5,0.5104897556661134,1.725429936735965
15,200,2.55,0.3171253268924338,0.4257522168872528
15,200,2.6,1.107026021183439,7.328037041761021
15,200,2.65,0.3949808700783621,8.617362180478606
15,200,2.7,0.6471009143346584,13.17093610138771
15,200,2.8,0.35348498124143746,6.324118665929591
15,200,2.9,0.37001827228561196,7.724552173149295
15,200,2.2,0.3035086378128741,0.32231283537429467
15,200,2.3,0.6208798431237597,4.198097691894679
15,200,2.4,1.325254113520191,6.8676954323031305
15,200,2.45,0.8144694905673299,1.1065463611645283
15,200,2.475,0.24381160024603815,0.22743389425238583
15,200,2.5,0.5038525299428775,1.084033344389187
15,200,2.525,0.5383204977531612,1.99241136451817
15,200,2.55,0.48565694743846627,0.8901450240927381
15,200,2.6,0.7629360829718016,1.9254204948665838
15,200,2.65,0.29605305662310294,3.566021409375017
15,200,2.7,0.48182276141519653,0.6761118595406936
15,200,2.8,0.3146390496497105,9.21317841129402
15,200,2.9,0.513902155814197,10.542660795640721
15,200,2.2,0.11144830890948795,0.066567990575138
15,200,2.3,0.8110349881900446,2.315750159561559
15,200,2.4,0.43635321335708277,4.057004852282364
15,200,2.45,0.1632372687495515,0.09954769363092826
15,200,2.475,0.5478662251227401,9.206502159362262
15,200,2.5,0.6323800336588657,8.545411451385773
15,200,2.525,0.4429345469616391,4.019966311942641
15,200,2.55,0.4958222561893048,12.564440388230764
15,200,2.6,0.8418311975806549,2.7527211804236256
15,200,2.65,0.4177414366664623,8.163374286267853
15,200,2.7,0.467308936190864,0.5093770288929542
15,200,2.8,0.4465296595881765,9.215550185579021
15,200,2.9,0.4468849013983823,8.402006112478094
15,200,2.2,0.18675515393139405,0.13599271878540387
15,200,2.3,1.6111078670453183,16.19140984289553
15,200,2.4,0.5849632495956428,4.022912597505823
15,200,2.45,0.37831124405328204,0.6747793910268931
15,200,2.475,0.2236193598222214,0.5867743710674009
15,200,2.5,0.8590127879122899,18.559371046005662
15,200,2.525,0.6038787014507568,6.758650273871023
15,200,2.55,0.2876899897302944,0.5560730262987646
15,200,2.6,0.45202486362838445,10.062788583200936
15,200,2.65,0.4054547789425082,1.8832816954127147
15,200,2.7,0.37800178264969087,1.2374364119056087
15,200,2.8,0.31363464862635654,4.687668535628477
15,200,2.9,0.3933415466961374,5.061977638416081
15,200,2.2,0.16853757942254843,0.20902892942637155
15,200,2.3,0.10705950283124287,0.08133127171496285
15,200,2.4,0.668778467061128,2.105574186679864
15,200,2.45,0.8541698211908875,2.7364575359541257
15,200,2.475,0.7654441356083536,11.892375548368555
15,200,2.5,0.675481999385786,1.0675773920519087
15,200,2.525,0.32358113918108006,1.1018174887693992
15,200,2.55,0.1504440546636717,0.1823997417901762
15,200,2.6,0.15815634371062362,0.14522698945906193
15,200,2.65,0.5420289259939952,1.8275907858794131
15,200,2.7,0.2384322321397801,0.5661066410063949
15,200,2.8,0.42896547747530916,3.509256117999407
15,200,2.9,0.3805941972876621,3.7746706569319244
15,200,2.2,0.11529220543542874,0.05975062956785513
15,200,2.3,0.6093850846586223,2.438206477007792
15,200,2.4,0.1699589842283783,0.13629564113577017
15,200,2.45,0.44753023770550276,0.8439022323502188
15,200,2.475,0.6873888976718641,4.284669362999029
15,200,2.5,0.4514435545728155,4.89377310976005
15,200,2.525,0.3772441525605577,0.5866322415545748
15,200,2.55,0.8799629819253995,8.14069338613072
15,200,2.6,0.2560187011469065,1.100396441344364
15,200,2.65,0.5805184923231812,13.837579176095973
15,200,2.7,0.2968572268465121,4.851142549710735
15,200,2.8,0.3154998502072653,1.7090785929258816
15,200,2.9,0.2753375121719684,3.195149734510891
15,200,2.1,0.26087328816013455,0.11925903697260105
15,200,2.2,0.23373957678194046,0.2548796756951423
15,200,2.3,0.9474086219001839,3.1008231841329263
15,200,2.4,0.6177644015860339,1.4755850377741189
15,200,2.1,0.13754624876791827,0.12845299662821907
15,200,2.2,0.29268647071752857,0.4142458973360014
15,200,2.3,0.4037296121088877,0.8350136809239715
15,200,2.4,0.5062391744978813,1.2166214196517953
15,200,2.45,0.46349430034232464,13.461910222131246
15,200,2.475,0.5024413848608625,8.936027799647588
15,200,2.5,0.7662460988882759,22.736276857683194
15,200,2.525,0.7055451904045192,21.25023418781769
15,200,2.55,0.5124681366733954,2.378677496083122
15,200,2.6,0.37250358624003227,1.7392114073515212
15,200,2.65,0.40495636256875156,1.4311699828364286
15,200,2.7,0.3291103155832547,10.575947914747005
15,200,2.8,0.668862891388359,1.784904051172457
15,200,2.9,0.2749403961534349,4.510148313350055
15,200,2.1,0.1960667812361727,0.24160743607048413
15,200,2.2,0.13335579017472568,0.11047934290417633
15,200,2.3,0.7785184233097159,6.041589882045379
15,200,2.4,0.49753427649134313,1.0754399197431104
15,200,2.45,0.8328477306394325,4.516954416629278
15,200,2.475,0.15278634395128268,0.1384292802108204
15,200,2.5,0.6548050109944102,10.821445011978437
15,200,2.525,0.47432983903943465,3.8272579213688402
15,200,2.55,0.3995640028364778,8.66550246588333
15,200,2.6,0.7129798301937601,4.6298540346697665
15,200,2.65,0.2758826430501047,0.4172148528268524
15,200,2.7,0.638792078322,11.736161296852556
15,200,2.8,0.34991823447639603,8.93339131503114
15,200,2.9,0.3727935972286944,3.379781348685159
15,200,2.1,0.4531813205187074,0.7898374324727544
15,200,2.2,1.1400856750834136,7.336315951107576
15,200,2.3,0.548556672865689,1.1173784753099238
15,200,2.4,0.5244384388073354,9.907466126158473
15,200,2.45,0.43291471949542115,2.5720085287844148
15,200,2.475,0.574850989014663,2.4307375654468446
15,200,2.5,0.3776944217185678,3.2773031631957155
15,200,2.525,0.3786084790002621,1.5343600491611245
15,200,2.55,0.35939026158738874,7.506593067101858
15,200,2.6,0.169136987282159,0.16282651320811828
15,200,2.65,0.28816930077405883,6.116357471899086
15,200,2.7,0.3964912183144296,2.2074293552815587
15,200,2.8,0.6795703518186342,15.953992857582717
15,200,2.9,0.7426148072339234,4.204516794486917
15,200,2.0,0.1552109084208585,0.07946873042213408
15,200,2.1,0.18200588000898688,0.0921690898831364
15,200,2.2,0.44441642415409854,0.8963916668069274
15,200,2.3,0.45945802737346014,2.6879377882461384
15,200,2.4,0.3956224365142737,0.4304328562945988
15,200,2.45,0.5292507725818333,13.253337204130492
15,200,2.475,0.043236817057202545,0.020837754115441382
15,200,2.5,0.35980344794545766,0.6548590381425099
15,200,2.525,0.4334375327642176,6.9933740367953225
15,200,2.55,0.2946841709546451,0.2171408173365422
15,200,2.6,0.5379138350180577,1.1285877922829008
15,200,2.65,0.4243041428276515,5.214230362280538
15,200,2.7,0.4365514465640267,8.927250714874745
15,200,2.8,1.0312342545273152,5.496477822527486
15,200,2.9,0.41016513124400167,3.1819904987609426
15,200,2.0,0.16826327621153464,0.20760474172399765
15,200,2.1,0.2557132982382395,0.2912015817445656
15,200,2.2,0.34387929752319946,0.5914565444374164
15,200,2.3,0.6468250871479847,7.862889567194183
15,200,2.4,0.2604923257512168,0.24887906148297445
15,200,2.45,0.5093762454534881,2.2859419606421953
15,200,2.475,0.7759494192398133,5.051809316058108
15,200,2.5,0.30478406191265894,0.47688549843400824
15,200,2.525,0.9120152312753558,3.3604370568625375
15,200,2.55,0.6552443208273117,15.115247485640529
15,200,2.6,0.5117959621136033,1.7805599920618904
15,200,2.65,0.33226549154119117,7.589267749303773
15,200,2.7,0.30346814590024696,7.573231565082811
15,200,2.8,0.24677740047557634,5.07937631068586
15,200,2.9,0.4660765987008336,11.297027404483979
15,200,2.0,0.03709649284441982,0.02213918063952206
15,200,2.1,0.1845594902785142,0.10436405860201858
15,200,2.2,0.40359419106893907,0.5518849746775693
15,200,2.3,0.21173040721849898,0.14187253747332226
15,200,2.4,0.4515043438500228,1.1440538869438512
15,200,2.45,0.6286752753168965,2.7948401905821805
15,200,2.475,0.16934642478498188,0.12733681883668493
15,200,2.5,0.3452796422824152,0.4598707204712391
15,200,2.525,0.44522322182795454,1.093266828064478
15,200,2.55,0.4996786799953464,3.0637156892858903
15,200,2.6,0.6282403745753666,1.6244306293787518
15,200,2.65,0.5154704535066752,14.48982909352921
15,200,2.7,0.358874333981332,4.804301200900942
15,200,2.8,0.4915303552782824,5.978234962751568
15,200,2.9,0.5163802046417116,4.771773385096662
