100,600,0.5,0.0,0.0
100,600,1.0,3.161663893510135e-06,6.719467554075086e-07
100,600,1.5,0.001749564059900136,0.0008481268108707644
100,600,1.8,0.010827086214334099,0.02533038639304861
100,600,2,0.01709580831946764,0.04140503753743768
100,600,2.2,0.04003705768622543,0.18976084743609134
100,600,2.25,0.08021911751032221,0.7159651036124977
100,600,2.26,0.05510260667962871,0.6211079097080088
100,600,2.265,0.04940660016038682,0.8304045642251874
100,600,2.27,0.11691985737059234,3.531026635665959
100,600,2.275,0.058313213455575906,2.303991929290013
100,600,2.35,0.07051947083817602,9.316040871795236
100,600,2.5,0.04078243831480857,5.6632659033876855
100,600,2.8,0.01949431437400246,0.6410335391490374
100,600,3.2,0.01836818349625627,0.43770055694675525
100,600,4.0,0.009628492312811982,0.08551573387687181
100,600,4.5,0.006723454351389667,0.0532993812386762
100,600,0.5,0.0,0.0
100,600,1.0,0.00012016133111478787,1.3305024958406819e-05
100,600,1.5,0.001629396221112957,0.0006352852800887332
100,600,1.8,0.01054370781208268,0.01866262887779627
100,600,2,0.027958120998336135,0.10570824432612301
100,600,2.2,0.023162787970462475,0.04306669574950847
100,600,2.25,0.05781601370555253,0.4724922584433353
100,600,2.26,0.09117784609643083,1.888601679383917
100,600,2.265,0.0396515624178909,0.14311464016190797
100,600,2.27,0.08647860968004417,1.122333071840618
100,600,2.275,0.05013585739663057,0.4199995847506902
100,600,2.35,0.052210567707811635,1.2350550154848292
100,600,2.5,0.03505378975307818,2.1635928627753716
100,600,2.8,0.033678275459268596,1.033890337057286
100,600,3.2,0.020596214850249595,0.2204985277038267
100,600,4.0,0.008790832346089844,0.07669931537437605
100,600,4.5,0.007520883912820193,0.056163347694583025
100,600,0.5,0.0,0.0
100,600,1.0,7.976039933449365e-07,1.9940099833619118e-07
100,600,1.5,0.0016102655574043315,0.0006619473322240656
100,600,1.8,0.007279560567777984,0.007357603401737845
100,600,2,0.024318821564059814,0.07521419900166396
100,600,2.2,0.04040932198402111,0.512283520012101
100,600,2.25,0.05943435818984821,0.453923039970419
100,600,2.26,0.05733497159106087,0.7603608342438116
100,600,2.265,0.05092331503852381,1.1996817225742218
100,600,2.27,0.13505354236822337,12.78527062766168
100,600,2.275,0.046885197324187604,2.1520984154321554
100,600,2.35,0.06664939460940693,1.7424201761886213
100,600,2.5,0.044332105605324384,1.457416186462563
100,600,2.8,0.02404830697137421,1.0684403589731404
100,600,3.2,0.020378848429700527,0.38120332749584024
100,600,4.0,0.00879728019966723,0.09225931101497507
100,600,4.5,0.006951563440356582,0.06636934957293397
100,600,0.5,0.0,0.0
100,600,1.0,2.0584359401008143e-06,5.146089850252368e-07
100,600,1.5,0.0013647883453503495,0.00040534699944536263
100,600,1.8,0.010686909800538161,0.016335697762987617
100,600,2,0.013581910415973363,0.01512285244592349
100,600,2.2,0.049905543543130655,0.21913884477386156
100,600,2.25,0.05152557356504593,1.0592003843076352
100,600,2.26,0.04195617771774377,1.29871631122171
100,600,2.265,0.05669872664295359,4.530587651103938
100,600,2.27,0.054130892805495455,4.862543016265109
100,600,2.275,0.07011251829408818,1.442210708745497
100,600,2.35,0.05491678164881376,2.064685732460085
100,600,2.5,0.03714453621564064,1.5703995526389354
100,600,2.8,0.02441302563754289,0.818657349845495
100,600,3.2,0.018068865744592367,0.2709415353993344
100,600,4.0,0.009656722562395997,0.07716018921797006
100,600,4.5,0.006966176701382466,0.054961177947864676
100,600,2.277,0.046995563759682134,1.345515873544093
100,600,2.278,0.036806481585902155,0.20276257884503301
100,600,2.279,0.07373864044803473,0.872650386316794
100,600,2.277,0.05685995912258158,0.7147470823696709
100,600,2.278,0.08750293623457019,4.077782256730444
100,600,2.279,0.04321991571355077,1.0741944853940237
100,600,2.277,0.0685965787247463,8.314483571853977
100,600,2.278,0.03790563977291683,2.0531330304920536
100,600,2.279,0.05826282070534595,1.4683255827971384
100,600,2.25,0.0766522509627987,0.49015263112590113
100,600,2.26,0.051180935212659553,1.675043027638303
100,600,2.25,0.10808290077853767,1.5616551512811976
100,600,2.26,0.05824007368094176,0.4772626760119568
100,300,1.8,0.005423384438702282,0.008774710815799194
100,300,2.3,0.03235973507338484,0.2514647845153835
100,300,2.325,0.024783063157494456,0.3599430976601293
100,300,2.35,0.016550123424408453,1.5386000351735347
100,300,2.375,0.020965618436789662,0.6858438194089871
100,300,1.8,0.003327435954226641,0.0029819751937984443
100,300,2.3,0.0635568702686069,0.4229684180846455
100,300,2.325,0.034827311460737725,1.1377196305933617
100,300,2.35,0.030951133415249313,0.4524388392733446
100,300,2.375,0.020199984471337456,0.3405970987375416
50,600,0.5,0.0,0.0
50,600,1.0,0.0,0.0
50,600,1.5,0.008759741645405831,0.003293518801996686
50,600,1.8,0.023883783488424543,0.012983138916620417
50,600,2,0.04312787487520806,0.07054220459234603
50,600,2.27,0.1663908255916756,0.6413078063433186
50,600,2.285,0.21812613129107644,0.6766793994837195
50,600,2.3,0.25775970539334286,2.928179287043339
50,600,2.35,0.16574794989789884,1.0233621134704576
50,600,2.5,0.1707173407520799,3.853998160079871
50,600,2.8,0.11144468389419009,3.1031200760637048
50,600,3.2,0.06890500249584026,1.0912229311148092
50,600,4.0,0.03557915740432617,0.3807223640599004
50,600,4.5,0.029625490171524816,0.23401797951562214
50,600,0.5,0.0,0.0
50,600,1.0,0.0,0.0
50,600,1.5,0.004927323675355823,0.0018452019966722132
50,600,1.8,0.03536596799572733,0.029573267665002793
50,600,2,0.07685560013311164,0.14816302961730451
50,600,2.27,0.20393035685541455,0.6100824199315371
50,600,2.285,0.1800609194922722,2.5505101349829085
50,600,2.3,0.34589236736504053,46.99772298065541
50,600,2.35,0.430384945688075,22.298555438184607
50,600,2.5,0.17591086292978367,1.704237826129783
50,600,2.8,0.13591617888553073,4.78118274190635
50,600,3.2,0.06631029201331119,1.0414384792013303
50,600,4.0,0.034590182229617364,0.29027544119800375
50,600,4.5,0.0266067509607445,0.24608238441116675
50,600,2.29,0.2534250122782781,1.369188266310154
50,600,2.295,0.28527333032636654,8.23686710906659
50,600,2.2305,0.2199874846728493,1.9238451719226077
50,600,2.231,0.17856397361363835,0.5691787467324367
50,600,2.29,0.08589259206154536,0.1774219886797114
50,600,2.295,0.17867814057165576,0.9664929560101357
50,600,2.2305,0.16246790217710888,0.7864311786415915
50,600,2.231,0.11912656026118165,0.6632770513211574
50,300,2.15,0.04723139903943768,0.12819670642045897
50,300,2.15,0.11167478696035742,0.543228779973731
50,300,2.375,0.11353732786114613,0.5718604509040042
50,300,2.425,0.14603384890623924,3.052025757166833
50,300,2.375,0.1721444433252042,2.304786496100717
50,300,2.425,0.12088993259510851,9.541495164462102
50,300,2.295,0.13335120898325267,0.9954871599244354
50,300,2.295,0.09900131528857507,0.7299961691674084
50,300,2.295,0.08809274974315613,0.7146255740704558
50,300,2.3,0.0827315394055104,1.131482491174347
50,300,2.35,0.06743477431046939,1.3982554695695206
50,300,2.3,0.1969577975871229,3.5288464806586703
50,300,2.35,0.08375292748932556,0.7102942649607688
50,300,2.3,0.23752666160058816,4.019723117492417
50,300,2.35,0.09402244428636096,1.920190973068494
50,300,2.323,0.14140995958191796,0.8266605307891751
50,300,2.5,0.10328682074152822,1.8169777294883738
50,300,2.323,0.12736978156447945,5.329006922483956
50,300,2.5,0.05359896868571421,1.1571034373953493
50,300,2.323,0.12746161591559005,1.3284137191139307
50,300,2.5,0.09185231827774087,1.287326272637874
50,300,2.45,0.13537988991851393,2.2704180782968346
50,300,2.65,0.05831715660980545,3.310412201441737
50,300,2.75,0.09674668327832836,1.8812252008456667
50,300,2.45,0.08270791072933334,2.5289913998779556
50,300,2.65,0.060771768087625334,1.4717336736663957
50,300,2.75,0.07641146986628594,1.002915621963153
50,300,2.45,0.08250499833264364,6.882810688724658
50,300,2.65,0.05615675155202371,0.9094347477715787
50,300,2.75,0.046342416834243984,1.7493299524735726
60,200,2.0,0.0157408052330938,0.027645605306857432
60,200,2.5,0.04707200196548123,0.4467232074196736
60,200,2.0,0.012765039002518302,0.007048734721486768
60,200,2.5,0.026671480130213084,1.5445572814934907
40,200,0.5,0.0,0.0
40,200,1.0,5.547263681591801e-05,9.250621890547437e-06
40,200,1.5,0.0008053344389164954,0.000155814676616912
40,200,1.8,0.016809874239911527,0.010533322968490882
40,200,2,0.014449315920398031,0.009673515236318401
40,200,2.2,0.08303781968257892,1.4047460142469468
40,200,2.3,0.13799869979027363,2.189053685377461
40,200,2.4,0.12251601152224996,0.99356771481136
40,200,2.5,0.07710408955223874,0.8605499689054723
40,200,2.6,0.05973243067208336,0.8350552765021054
40,200,2.7,0.06162808215438586,1.3156748951999262
40,200,2.8,0.05164536850187844,1.8954495657871357
40,200,2.9,0.05366730556492216,0.6980133384800136
40,200,3.2,0.036046342992070914,0.3866703299906713
40,200,4.0,0.019203836287313418,0.1319348530783582
40,200,4.5,0.012101928628462641,0.12412108554449973
40,200,0.5,0.0,0.0
40,200,1.0,0.0,0.0
40,200,1.5,0.0008433941404091213,0.00032525912106136265
40,200,1.8,0.044195361924943076,0.11399809114151466
40,200,2,0.0452939054726368,0.08274802549751237
40,200,2.2,0.01662276170798897,0.011853424638172794
40,200,2.3,0.08542146310037715,2.4517612007895293
40,200,2.4,0.07407187154505246,0.7404226977093696
40,200,2.5,0.08735681592039789,0.9579107898009941
40,200,2.6,0.07524409203980105,1.255323753827018
40,200,2.7,0.0650857680049683,2.356805578588539
40,200,2.8,0.0535118016422987,0.6975309723702916
40,200,2.9,0.051965610414041616,2.6278263370646773
40,200,3.2,0.038750497998289786,0.361044387437811
40,200,4.0,0.01891883162313431,0.26769905550373146
40,200,4.5,0.01562576930163997,0.11959094458264234
60,200,0.5,0.0,0.0
60,200,1.0,0.0,0.0
60,200,1.5,0.0012323621945143932,0.0004756157484320786
60,200,1.8,0.005523536865284909,0.0037667526564877474
60,200,2,0.015354517535777896,0.025054691050880793
60,200,2.3,0.04662744760642166,1.5769914090312538
60,200,2.4,0.04157922023967955,1.9571174029550895
60,200,2.5,0.030828093606043872,0.39502040169494235
60,200,2.6,0.03281870470861413,2.250227463111348
60,200,2.7,0.02602475606522592,1.0914558278566961
60,200,2.8,0.026434928218569523,0.5793381483233966
60,200,2.9,0.015834400902520467,0.2328942960803433
60,200,3.2,0.016576590907345982,0.19840570680555478
60,200,4.0,0.008390102727105227,0.08638365886618683
60,200,4.5,0.006140418165232374,0.06057431839430591
60,200,0.5,0.0,0.0
60,200,1.0,6.117560346415026e-06,1.5293900857509399e-06
60,200,1.5,0.0009771280770359337,0.00029497164385139315
60,200,1.8,0.0037944517619189536,0.0022541510554360713
60,200,2,0.01160215895829493,0.023420144647029194
60,200,2.2,0.026131519730193082,0.06292393671366499
60,200,2.3,0.0345181697291971,0.37575817103443676
60,200,2.4,0.03369080096772656,0.15707430568338246
60,200,2.5,0.06774644309317597,1.3167967864380703
60,200,2.6,0.03770141912251875,1.2785109920483422
60,200,2.7,0.036683978370606975,0.9687779563549612
60,200,2.8,0.03912796812109767,0.6247945490799391
60,200,2.9,0.033277074062169586,1.2426368773419714
60,200,3.2,0.012645411301900989,0.2873857919123422
60,200,4.0,0.007049527823843735,0.07609847137772381
60,200,4.5,0.007010847909515062,0.04480970865834677
70,200,0.5,0.0,0.0
70,200,1.0,3.3021067092692576e-06,8.255266760791595e-07
70,200,1.5,0.0009290928853350205,0.00063933228484758
70,200,1.8,0.0066327030731442626,0.006093699211867187
70,200,2,0.010475427941508615,0.03297756614690035
70,200,2.3,0.02206091864473093,0.071927283885518
70,200,2.4,0.021994602626646483,0.21144506193226711
70,200,2.5,0.02611369746850917,1.4558984569031979
70,200,2.6,0.01922599664547026,0.300820783150565
70,200,2.7,0.0305980332129685,0.7964684593743271
70,200,2.8,0.013873778943343946,0.30173529034782015
70,200,2.9,0.013239578683031153,0.25255851807025165
70,200,3.2,0.010931161300950473,0.1835579391670072
70,200,4.0,0.006060727184568618,0.080872250161118
70,200,4.5,0.004393769860392043,0.03594708432938265
70,200,0.5,0.0,0.0
70,200,1.0,0.0,0.0
70,200,1.5,0.0007892285529638311,0.00032057400073981707
70,200,1.8,0.003572998894544694,0.002156934334336922
70,200,2,0.021942615120979853,0.0900602095726839
70,200,2.3,0.029464672270586807,0.38743054191053505
70,200,2.4,0.03676917140430477,0.8707927501181589
70,200,2.5,0.021163653320237636,0.48028656384877866
70,200,2.6,0.019863513501401666,1.3131796405151137
70,200,2.7,0.014735108861367764,1.475322828374142
70,200,2.8,0.014621999184774642,0.21332302905048917
70,200,2.9,0.021370164747952773,0.11975052426049868
70,200,3.2,0.009939660946620485,0.31755228698239146
70,200,4.0,0.006859585040229917,0.03439698052843243
70,200,4.5,0.004301758488167551,0.026697178368419387
80,200,0.5,0.0,0.0
80,200,1.0,1.531405472636206e-06,3.828513681590492e-07
80,200,1.5,0.0005297954671089056,0.00023026533996683114
80,200,1.8,0.004242290428643826,0.003954215467799891
80,200,2,0.006078117226368151,0.010565707108986307
80,200,2.2,0.016336276070576854,0.14732284511391902
80,200,2.3,0.01952825443317439,0.3043044242949655
80,200,2.4,0.030377695263914786,0.23876187341288344
80,200,2.5,0.028994724502487614,0.3642016620024874
80,200,2.6,0.018176161077011355,0.6762810306191404
80,200,2.7,0.014468838613004941,0.47048022294488223
80,200,2.8,0.01673096719448042,0.45553211551061656
80,200,2.9,0.012681792527404563,0.2963736493314677
80,200,3.2,0.007901816296933295,0.15849765880072286
80,200,4.0,0.005277492663634947,0.043771810867537335
80,200,4.5,0.002864768364965295,0.027848893769002205
80,200,0.5,0.0,0.0
80,200,1.0,1.935634328357444e-06,4.839085820894976e-07
80,200,1.5,0.0010607604339413995,0.0003780420812603633
80,200,1.8,0.0028463488882746768,0.002270335065125762
80,200,2,0.008175399370335835,0.014809414839863184
80,200,2.2,0.015003653125128493,0.04921498950559699
80,200,2.3,0.03295552013091446,0.31812366665314723
80,200,2.4,0.02330458169223328,0.11584803764381219
80,200,2.5,0.01577638121890552,0.2373351375932835
80,200,2.6,0.017145476390238158,0.14281543865707516
80,200,2.7,0.015285144067044738,0.15606329895660576
80,200,2.8,0.010445957096691294,0.8159789407454915
80,200,2.9,0.010606745830153627,0.12873081253216678
80,200,3.2,0.006573739502560454,0.09209252018715017
80,200,4.0,0.004371892733597638,0.046043759717039764
80,200,4.5,0.0032372531631963573,0.041226218516791036
30,300,0.5,0.0,0.0
30,300,1.0,0.0,0.0
30,300,1.5,0.013043541191000178,0.0044542225502873295
30,300,1.8,0.016280112878830463,0.005662405607390302
30,300,2,0.10444716787662524,0.11298922931783936
30,300,2.2,0.04194598083252065,0.035149814870683985
30,300,2.3,0.33288517686577473,3.300374083170062
30,300,2.35,0.30069391134912354,2.4107226432859457
30,300,2.4,0.35709995032561775,3.1390234472195346
30,300,2.45,0.18905593541484902,4.452105746444755
30,300,2.5,0.2544738279808049,2.7596276313519796
30,300,2.55,0.14184239020744951,3.283832878543625
30,300,2.6,0.21748750421380134,1.2731469713169827
30,300,2.7,0.1543039141601472,12.081160806761844
30,300,2.8,0.18299329772514397,9.812381198472002
30,300,2.9,0.1334837048068805,3.9539156465824523
30,300,3.2,0.10574476539108331,1.6991935728640832
30,300,4.0,0.04936092038882739,0.4798358803987159
30,300,4.5,0.03924876130522608,0.3137515132456033
30,300,0.5,0.0,0.0
30,300,1.0,0.0,0.0
30,300,1.5,0.005588614084738133,0.002335129814241351
30,300,1.8,0.008113543181013792,0.0032247879725446813
30,300,2,0.05503311595094538,0.029093277552147842
30,300,2.2,0.14468627345301072,0.5804658471013506
30,300,2.3,0.36807370454649996,3.0721983725738964
30,300,2.35,0.24822799978810814,0.5090456799723032
30,300,2.4,0.5292488458681397,19.095365052023443
30,300,2.45,0.25582670879326985,3.558682848554034
30,300,2.5,0.26751646150691116,4.371569835528755
30,300,2.55,0.23338251130281018,5.576010352002452
30,300,2.6,0.18326823025690045,0.8328705770262166
30,300,2.7,0.213852318945204,6.998989948152785
30,300,2.8,0.1294374927281113,6.406543690344849
30,300,2.9,0.14133337586074718,2.886993314466605
30,300,3.2,0.1313542948402444,1.8290731922395738
30,300,4.0,0.04755974734424344,0.4227723063039537
30,300,4.5,0.03475088768272806,0.31981348682234945
30,300,2.25,0.3115143508327931,2.1310486107122126
30,300,2.325,0.4214437797118766,2.0810446915087026
30,300,2.35,0.19740080277206434,0.4676591451138663
30,300,2.375,0.18510885618779696,2.0078848283496016
30,300,2.4,0.13903782088967262,0.48779385587128393
30,300,2.425,0.3310909911315097,1.0926187867267156
30,300,2.25,0.3485445636933433,1.943283617023911
30,300,2.325,0.2240606758050094,1.8970062445063949
30,300,2.35,0.19636119072378777,0.43638973145290105
30,300,2.375,0.36939435110283514,1.3796451922226745
30,300,2.4,0.19721584202635012,0.5080266874477911
30,300,2.425,0.2369259832099389,0.6140833444331871
20,200,0.5,0.0,0.0
20,200,1.0,0.0,0.0
20,200,1.5,0.002169596462133768,0.0005394693200663351
20,200,1.8,0.06675419200294809,0.06554892205638468
20,200,2,0.009626368159203985,0.003929601990049747
20,200,2.2,0.18714711566136272,0.3255442107643601
20,200,2.3,0.2297057246847053,0.5601113995241184
20,200,2.4,0.46820394555002776,2.194132877280265
20,200,2.5,0.5726864875621888,3.619932636815917
20,200,2.6,0.38279887544525903,5.832900975889782
20,200,2.8,0.26354452228652664,10.296478500355368
20,200,3.2,0.13474094371890538,2.1513188743781106
20,200,4.0,0.08188513681592048,0.8199703980099495
20,200,4.5,0.057545457895706614,0.4400199004975124
20,200,0.5,0.0,0.0
20,200,1.0,0.0,0.0
20,200,1.5,0.022335433941404144,0.011780597014925365
20,200,1.8,0.026192494318530758,0.007597567716970701
20,200,2,0.057998009950248765,0.03940671641791033
20,200,2.2,0.10256095555281429,0.12335617367706933
20,200,2.3,0.11480536824384685,0.10093716201600701
20,200,2.4,0.2505142689331121,0.5063131218905478
20,200,2.5,0.19626809950248741,3.496880895522388
20,200,2.6,0.27447290176337263,2.9112463643321846
20,200,2.8,0.2021387958168341,4.966399342572847
20,200,3.2,0.1810040617226368,2.023942708333333
20,200,4.0,0.07313731343283575,1.084712873134329
20,200,4.5,0.05183612800196549,0.575858872305141
20,200,0.5,0.0,0.0
20,200,1.0,0.0,0.0
20,200,1.5,0.0003891652846876617,0.00014593698175787714
20,200,1.8,0.05719765370677474,0.054957020453289
20,200,2,0.19095472636815958,0.3779317164179112
20,200,2.2,0.16098083960363466,0.1668191994572591
20,200,2.3,0.851441657497014,3.6524212632489683
20,200,2.4,0.2562657200110564,1.1463496061359888
20,200,2.5,0.3456636815920394,9.316049054726367
20,200,2.6,0.22669625246548328,8.163213069269034
20,200,2.8,0.29716912884556795,7.200621624022751
20,200,3.2,0.144609763681592,3.2531644900497536
20,200,4.0,0.07637238805970142,0.6705253731343278
20,200,4.5,0.052109428167802965,0.4865947484798229
20,200,2.65,0.23429169566903796,3.826961513188776
20,200,2.75,0.26118676041281186,13.763008141112623
20,200,2.85,0.3862137144379672,2.531832242297286
20,200,2.9,0.45601055365266396,1.9412903585520669
20,200,2.65,0.3694993172266112,6.754253825213559
20,200,2.75,0.34637759960527936,8.441643238353686
20,200,2.85,0.46836987729864127,4.557193506153444
20,200,2.9,0.126034748966227,3.459555927260251
20,200,2.65,0.25553060613628215,5.104265652867735
20,200,2.75,0.24471033263434916,3.913554771596566
20,200,2.85,0.3103522094054195,2.5643191935061522
20,200,2.9,0.2172223306771729,5.503179447589635
20,200,2.5,0.34515454726368167,4.966168059701492
20,200,2.6,0.4436864494097565,4.784139303482587
20,200,2.7,0.26417146093947247,1.203113414409435
20,200,2.8,0.159185577215961,0.6206564498933905
20,200,2.65,0.25120534741741624,4.803741011921524
20,200,2.75,0.2712580568233215,7.2556898236092255
20,200,2.85,0.2017117857924904,4.761404905298071
20,200,2.9,0.22176371412852533,5.641736833076
20,200,2.5,0.34233090547263706,6.257296218905471
20,200,2.6,0.2698853366304569,11.818571852277085
20,200,2.7,0.19914965638201315,2.384736871199558
20,200,2.8,0.1639355518326734,4.268492892679462
20,200,2.65,0.2403210717505386,4.199470008448324
20,200,2.75,0.2701637597138275,6.203474898236094
20,200,2.85,0.18615962967556793,5.272218469058217
20,200,2.9,0.16803852319851398,3.1467172756905106
20,200,2.5,0.2797059502487562,3.5484224875621897
20,200,2.6,0.4736807088816276,19.990273918867207
20,200,2.7,0.22481952378027562,4.0198153676064114
20,200,2.8,0.16945705147730725,5.011852434257288
20,200,2.65,0.22230265546599476,4.063792265089642
20,200,2.75,0.30481917684305737,1.5935962912709165
20,200,2.85,0.15657863345629508,3.879024875621892
20,200,2.9,0.1631367538052898,3.040840452907874
20,200,2.3,0.3988467868596526,1.5311717499459236
20,200,2.3,0.15761306887114523,0.41663086740211996
20,200,2.3,0.3720621843523398,1.1152463768115974
20,200,2.3,0.6116205362600987,5.251758706467662
20,200,2.3,0.26847802575026575,0.6038977936404933
20,200,2.25,0.24842975247220642,0.590555666113875
20,200,2.275,0.055541829555278775,0.026952380952380867
20,200,2.325,0.6491200374586776,11.355825068207348
20,200,2.35,0.3372711814400159,0.8492264210860592
20,200,2.25,0.595705521773848,1.7360173576561635
20,200,2.275,0.20152270888042578,0.596370346071839
20,200,2.325,0.30723993628803575,0.4822652329749109
20,200,2.35,0.1801835548378521,0.30073684767651127
20,200,2.5,0.29359188059701474,1.2886295522388065
20,200,2.6,0.20196458535723763,0.3471751817833911
20,200,2.7,0.4072423888786526,9.624075548185004
20,200,2.8,0.2157136511320946,8.237842750533058
20,200,2.65,0.3016165877625046,7.881216934196941
20,200,2.75,0.2290383454627689,2.5160504748982366
20,200,2.85,0.20161182392132915,3.1870757615431606
20,200,2.9,0.17951952484900102,4.80175844913364
20,200,2.25,0.2790694429089126,0.7550213377556658
20,200,2.275,0.48750158157407575,1.2392597452298941
20,200,2.325,0.1499725790057691,0.1410625367784733
20,200,2.35,0.2796334308538788,2.3037235101090285
20,200,2.5,0.3780801592039799,1.189199701492537
20,200,2.6,0.3203958020548146,3.57992623421355
20,200,2.7,0.18515078926355882,4.081503685277316
20,200,2.8,0.19399951771753488,2.7669267945984375
20,200,2.65,0.33649212109619225,10.141431146156018
20,200,2.75,0.16491953455861177,2.966257801899594
20,200,2.85,0.20899050454100693,2.7149719821942915
20,200,2.9,0.16158091823877038,6.457396380168127
20,200,2.25,0.2913875069098952,1.4975321171918181
20,200,2.275,0.1066607068509643,0.07692712262861529
20,200,2.325,0.37289036376678314,3.8942822446905248
20,200,2.35,0.16684760894486378,0.18241409971419517
20,200,2.5,0.30386881592039794,7.874746368159203
20,200,2.6,0.39693499955842093,10.551389877535405
20,200,2.7,0.30902442519910756,10.143100147411092
20,200,2.8,0.20441339222256058,0.8437574626865672
20,200,2.65,0.11712204375063112,0.1065430395193841
20,200,2.75,0.19533867850828499,3.6465425599276355
20,200,2.85,0.15751981857410394,3.43539486776643
20,200,2.9,0.162414443833153,3.148060301938582
20,200,2.25,0.13354580185492285,0.09606677722498626
20,200,2.275,0.39363121597663203,1.3264606637143947
20,200,2.325,0.6506850186574357,1.8997231049055792
20,200,2.35,0.12692499476361957,0.16502551074415153
20,200,2.5,0.21071331343283567,0.8567750248756225
20,200,2.6,0.49736392004474683,5.421153080750096
20,200,2.7,0.2585632878133336,6.307700755481853
20,200,2.8,0.20918303888719658,2.465255685856431
20,200,2.65,0.22234091202938697,1.6342279170186802
20,200,2.75,0.17523792607211863,2.0074014473089097
20,200,2.85,0.16493353484960535,3.3298243868377417
20,200,2.9,0.2754813329310637,3.8616269514496495
20,200,2.25,0.06399371046004532,0.05921868435599767
20,200,2.275,0.07912078299481941,0.07631818927341309
20,200,2.325,0.1687464630828972,0.21260193655379017
20,200,2.35,0.35327464082935234,2.6403075050280562
20,200,2.5,0.21193743283582114,0.5001018905472642
20,200,2.6,0.35774971297359365,1.2269756984309228
20,200,2.7,0.14692722942216208,2.2126758798599586
20,200,2.8,0.1770923444004467,4.945838574982233
20,200,2.65,0.35649591132978725,11.188337088144186
20,200,2.75,0.31095392459191673,8.400607327001355
20,200,2.85,0.20400098614345952,2.4413475604433974
20,200,2.9,0.32356126620169023,2.376653628409675
20,200,2.25,0.15517022295927757,0.210373576561636
20,200,2.275,0.12005260498617876,0.12892417035700607
20,200,2.325,0.2548855905465157,2.570026747980526
20,200,2.35,0.3307561783657538,1.9763995977559012
20,200,2.4,0.20756288004422324,0.33707835820895515
20,200,2.425,0.40902563386701324,5.201901010411859
20,200,2.45,0.5449313200760043,6.197369580668085
20,200,2.475,0.41362155653728044,2.2341786019397922
20,200,2.5,0.276739502487562,7.054463880597012
20,200,2.4,0.32860247374239876,1.179460302653397
20,200,2.425,0.42199613051756774,1.0964416064009856
20,200,2.45,0.11498509120370667,0.0866223982130165
20,200,2.475,0.8533739424497752,4.770991406603346
20,200,2.5,0.32925134328358197,1.0235558208955224
20,200,2.4,0.1084283443891651,0.07124450663349904
20,200,2.425,0.2328493149091402,0.4153286146586654
20,200,2.45,0.3881866800939077,2.4369790841709813
20,200,2.475,0.48720560040324856,4.54534549474848
20,200,2.5,0.25043582089552224,0.38509024875621906
20,200,2.4,0.2760789800995023,2.0237631633499182
20,200,2.425,0.24166331695756535,3.8988448479253233
20,200,2.45,0.5095624750052318,17.32341851964668
20,200,2.475,0.3552836369118596,5.448902758932612
20,200,2.5,0.28406702487562185,0.9596890547263675
20,200,2.4,0.248880078772802,0.7060501658374781
20,200,2.425,0.3076604648137778,0.4108377699133201
20,200,2.45,0.5489773954053133,7.541475479744134
20,200,2.475,0.36701967156361825,2.4662461430222606
20,200,2.5,0.31523789054726364,7.914301890547255
20,200,2.45,0.32368901017610796,3.2012736318407966
20,200,2.4675,0.6593192741813276,3.8224108434524453
20,200,2.475,0.10092128887244226,0.13189235639981906
20,200,2.4825,0.2690988346582374,1.627397253410691
20,200,2.5,0.25910798009950226,0.43133253731343296
20,200,2.45,0.20514056125039093,9.647701289471016
20,200,2.4675,0.30253624662232165,0.6911250233130194
20,200,2.475,0.3895884316809989,4.427881300567868
20,200,2.4825,0.36989448754802184,0.9119088344781628
20,200,2.5,0.70649615920398,7.471020597014923
20,200,2.45,0.23262396886869305,0.5106829119707583
20,200,2.4675,0.1556888626938365,3.5391008483418727
20,200,2.475,0.277036529423081,1.064086335996784
20,200,2.4825,0.3248762288659232,9.471188268125633
20,200,2.5,0.2800254726368156,13.518510248756229
20,200,2.45,0.42526973628318193,3.0160287338816136
20,200,2.4675,0.3769091951512963,2.0498925836874404
20,200,2.475,0.16872568084990816,0.5976262123724814
20,200,2.4825,0.3938452616129211,1.1233053263390989
20,200,2.5,0.22611343283582094,0.5750072636815918
20,200,2.45,0.2331274075271286,0.3614244085693977
20,200,2.4675,0.3576694470489092,10.490368522130995
20,200,2.475,0.25044990332492245,0.6560458314488163
20,200,2.4825,0.27718053772155443,4.584709183187788
20,200,2.5,0.328837890547264,3.20795263681592
20,200,2.3,0.5180407979008548,1.8475176292450792
20,200,2.325,0.27212670604659667,0.6925387043278233
20,200,2.3,0.6175404640314492,3.612495890114642
20,200,2.325,0.6530004619059862,1.7637978922591342
20,200,2.3,0.20724543633439643,0.40656759679861576
20,200,2.325,0.1867547911960601,0.16809672069758738
20,200,2.3,0.5710690404311151,4.719869024443003
20,200,2.325,0.07559087439435967,0.17150740919060606
20,200,2.3,0.5223767739751153,5.414804131516333
20,200,2.325,0.2869890574874501,1.060805114213877
20,200,2.5,0.2515598009950251,1.629446666666667
20,200,2.525,0.4157749045186772,8.469029210383727
20,200,2.55,0.37121933584671774,2.8321080870159014
20,200,2.575,0.40902487280817146,9.471677824469882
20,200,2.6,0.23764123171126603,1.0412744929200148
20,200,2.5,0.18379000995024858,0.24485681592039804
20,200,2.525,0.3161847853176039,0.8847097187330677
20,200,2.55,0.333516271009428,2.4995724319578567
20,200,2.575,0.20209226278823636,4.77925266869536
20,200,2.6,0.5113195855044301,10.056797168006122
20,200,2.5,0.3988940099502487,1.2083702487562182
20,200,2.525,0.18153342687601126,0.3150386680459088
20,200,2.55,0.27544369654992995,2.57289679055702
20,200,2.575,0.4427287260558365,1.9789021880886828
20,200,2.6,0.25088639642026517,4.154593092231153
20,200,2.5,0.44342989054726367,0.9997681592039799
20,200,2.525,0.4810878652517243,2.1358933057484872
20,200,2.55,0.34371273199553937,4.159275485318506
20,200,2.575,0.3443915684092499,5.818830990677678
20,200,2.6,0.39233109599929356,2.152293149636432
20,200,2.5,0.2879393432835819,0.9452905472636817
20,200,2.525,0.30175482747033383,1.8779232550120688
20,200,2.55,0.5712509348681428,2.9945251195005365
20,200,2.575,0.3154638345645696,1.4327413418345163
20,200,2.6,0.13090626747917233,0.36072311519326417
15,300,0.5,0.0,0.0
15,300,1.0,0.0,0.0
15,300,1.5,0.001769596543756767,0.0006635987039253808
15,300,1.8,0.0,0.0
15,300,2,0.4484499241212419,0.46733492473653276
15,300,2.2,0.25232448651757916,0.20377477245776537
15,600,0.5,0.0,0.0
15,600,1.0,0.0,0.0
15,600,1.5,0.23446949368793435,0.08767451777832795
15,600,1.8,0.0174651352049789,0.006871400888928845
15,600,2,0.4630520490540459,0.417958875126776
15,600,2.2,1.729232464818609,2.688240347643421
15,600,2.3,2.043207183962846,4.801928408814907
15,600,2.4,2.199374704710261,48.506188232228
15,600,2.5,1.9065757998397768,49.17797074012593
15,600,2.6,2.0293558900359594,44.363274302247135
15,600,2.65,0.3462099032571811,0.32895965223003437
15,600,2.7,2.407554606852502,65.8632483248799
15,600,2.75,1.3607031518567203,15.059709678033757
15,600,2.8,1.1342271992299726,31.916109341573527
15,600,2.85,0.8900699716129218,13.939687156303247
15,600,2.9,1.6361632322010193,22.928000306004904
15,600,3.2,0.6420740124483871,7.77628668268946
15,600,4.0,0.3995208644029489,4.528245056592725
15,600,4.5,0.27426217615765597,2.0286648945859396
15,600,0.5,0.0,0.0
15,600,1.0,0.0,0.0
15,600,1.5,0.010215015212414554,0.003012373068211432
15,600,1.8,0.005511598435874157,0.0023528412864709217
15,600,2,0.841866420163926,1.061516665641508
15,600,2.2,1.5099140720640227,6.036064546368306
15,600,2.3,0.35156098715883033,0.4124446730836953
15,600,2.4,2.4166935309007154,10.182831522224244
15,600,2.5,1.8984285621084185,3.678351731476899
15,600,2.6,1.6603256291502362,8.183077662586872
15,600,2.65,1.2551749138719435,16.66198921046797
15,600,2.7,1.3542701874629754,29.751892750005023
15,600,2.75,1.3559270820441582,12.816158819475685
15,600,2.8,1.7585180992961615,39.11348608286983
15,600,2.85,1.4543619675023431,41.91442116146626
15,600,2.9,0.997884683076293,19.427017170898345
15,600,3.2,0.6845758098642171,7.453741048869628
15,600,4.0,0.33312617242866865,4.648232139849763
15,600,4.5,0.3055611215468998,2.4333170185041544
15,600,0.5,0.0,0.0
15,600,1.0,0.0,0.0
15,600,1.5,0.01685176009805308,0.005183350109014032
15,600,1.8,0.0047500571242209445,0.0017137601026219024
15,600,2,0.007480273618043994,0.0033374499291701472
15,600,2.2,0.04075012210544003,0.02700964908792144
15,600,2.3,0.22006999388674897,0.11571516072387159
15,600,2.4,1.2831645474278142,2.9728739069991184
15,600,2.5,1.9671145805550452,22.7131290022814
15,600,2.6,1.8321452946479684,16.842491965749833
15,600,2.65,0.5603558256993938,0.7315569353502303
15,600,2.7,1.8909811606587845,65.36218267526922
15,600,2.75,1.1055459820816964,15.54374559423273
15,600,2.8,1.9780933515946613,48.86097520006212
15,600,2.85,1.1718995720210885,25.648884555630655
15,600,2.9,1.498773815927667,22.251250702499643
15,600,3.2,0.8455130338325014,13.689923707400917
15,600,4.0,0.3965473182555831,2.5190813993140337
15,600,4.5,0.3804672858146042,3.176839288885054
15,600,1.0,0.0,0.0
15,600,1.8,0.41262165049816757,0.16942049487810099
15,600,2,0.6595011934841103,0.4314418520578532
15,600,2.2,0.2504459170097253,0.10459819492618246
15,600,2.3,2.428566166784114,106.19273309201127
15,600,2.4,0.58740763565069,0.8990007600498511
15,600,2.425,1.8065658901679613,27.052522129231626
15,600,2.45,0.9769695978496663,2.679311888433978
15,600,2.475,2.3668606743348977,9.23859966356728
15,600,2.5,1.1320133735954474,2.2169344425942206
15,600,2.525,1.5424393447986438,48.69981680127683
15,600,2.55,2.2947805328321254,63.698879931817224
15,600,2.625,1.6852616757500518,40.86092591829437
15,600,2.675,1.145271468034765,2.03543095878646
15,600,1.0,0.0,0.0
15,600,1.8,0.5078162621308157,0.30698859925015665
15,600,2,0.030709903247673694,0.010981664304508013
15,600,2.2,1.0994119008196572,3.117228980504331
15,600,2.3,0.6785674058991897,0.7299503797127661
15,600,2.4,1.558738727635013,1.3751980444118255
15,600,2.425,1.6970701219981383,4.356241188957117
15,600,2.45,2.2234752090424434,4.183649962751522
15,600,2.475,1.7161903515504227,34.81529745556426
15,600,2.5,1.5402514899858244,21.714815245375934
15,600,2.525,1.9555160474559992,3.109082447235125
15,600,2.55,1.3399272169299388,80.34198319834408
15,600,2.625,2.4727894305660842,42.318724468040315
15,600,2.675,2.584641603469666,44.78854978942556
40,600,1.0,2.4958402662228824e-05,1.5599001663893015e-06
40,600,1.8,0.04300967009716297,0.033994999653355576
40,600,2,0.06990997296173064,0.06422451123128145
40,600,2.2,0.1575815703166896,0.46799831719860924
40,600,2.3,0.3979703329988767,1.6984360350502834
40,600,2.325,0.5003182155458711,4.291635417225773
40,600,2.35,0.4873858681283419,3.111137465925587
40,600,2.375,0.4196576896308548,3.1602773163149167
40,600,2.4,0.3804066753616671,3.8340608101081517
40,600,2.425,0.4106268204637867,7.423746725817793
40,600,2.45,0.3606762919776222,2.1562913320486277
40,600,2.475,0.31840675702723836,12.926914786382964
40,600,2.5,0.2207139700499164,13.498032206738781
40,600,1.0,0.0,0.0
40,600,1.8,0.03894809448244685,0.036784179145867936
40,600,2,0.1538185420133115,0.19693027246256226
40,600,2.2,0.20732872038338304,0.7583691007411901
40,600,2.3,0.7290481994407548,41.36134532120378
40,600,2.325,0.21352440886955854,0.8381962566868829
40,600,2.35,0.48412778536451573,7.235166738945729
40,600,2.375,0.3165503809440402,2.7619276644189563
40,600,2.4,0.3128904950083197,9.847481989652675
40,600,2.425,0.5120055902860743,4.04573167358526
40,600,2.45,0.24263987689544197,12.433494740908015
40,600,2.475,0.24450600222293842,3.721960696818434
40,600,2.5,0.22733520133111462,6.33345000207987
80,600,1.0,3.5149750415970725e-06,5.852875415973103e-07
80,600,1.8,0.006588269647038889,0.004694564506204939
80,600,2,0.035201106879159796,0.06891948607789106
80,600,2.2,0.06105438561849399,0.2668436423137104
80,600,2.3,0.11809755848593541,2.239160946514642
80,600,2.325,0.16447728416950286,13.721588184119657
80,600,2.35,0.06856845887983588,7.37333185755899
80,600,2.375,0.10769417660316834,4.745597360074213
80,600,2.4,0.12472328901158662,1.4133725798528052
80,600,2.425,0.07646795187954182,3.995124161888691
80,600,2.45,0.05812812023345803,1.2830963699955837
80,600,2.475,0.05427836789040335,2.7907998918574237
80,600,2.5,0.08631118801996697,1.3615311357373132
80,600,2.55,0.054081609626657146,2.170571614710779
80,600,1.0,1.9905626039931382e-05,2.333350665557132e-06
80,600,1.8,0.012793442978908616,0.007405568807485213
80,600,2,0.02872493240432617,0.061536284740276566
80,600,2.2,0.06466780008310867,0.4888456502420215
80,600,2.3,0.10308158818478341,0.7205972962295628
80,600,2.325,0.1991435048515322,10.948966568096631
80,600,2.35,0.06028337550815036,1.363493203509444
80,600,2.375,0.09168168749222202,3.9295917942409586
80,600,2.4,0.06466803667968023,1.184139251556651
80,600,2.425,0.09472587557776053,3.2805223915360133
80,600,2.45,0.1196483216660973,5.606416287480052
80,600,2.475,0.055073342629814226,2.4952703291231773
80,600,2.5,0.06321626081530786,3.5125812652090276
80,600,2.55,0.0674276194727998,3.385627069544022
60,600,1.0,1.9720219387439494e-05,1.2325137114686315e-06
60,600,1.8,0.021498814022557104,0.016108196444424582
60,600,2,0.027689789650993193,0.03575172757332306
60,600,2.2,0.08007414860210692,0.46356362245092103
60,600,2.3,0.2982884430792823,5.6075093496864685
60,600,2.325,0.10323800400049926,4.658658158788437
60,600,2.35,0.19248785924243322,1.8294273771898721
60,600,2.375,0.2097605132082393,2.5605211625852218
60,600,2.4,0.3617880828192155,13.345798227231786
60,600,2.425,0.11108459593233047,5.229271834712317
60,600,2.45,0.10719319556608889,12.121429746507399
60,600,2.475,0.1403215178200753,4.2856081415616005
60,600,2.5,0.10414937343111264,5.903785802265831
60,600,2.55,0.12563236336810343,7.292888926752133
60,600,1.0,5.767753332922635e-05,5.2053162375886314e-06
60,600,1.8,0.023592946116072853,0.020210918473785814
60,600,2,0.04370260779359502,0.0517741054004812
60,600,2.2,0.16464972164034317,0.7807862303005777
60,600,2.3,0.22307919125820896,4.610419852223432
60,600,2.325,0.22140408107392295,2.834007257252864
60,600,2.35,0.13730318579128736,7.776480379650265
60,600,2.375,0.1190034523699173,7.219556897481596
60,600,2.4,0.15117998280757475,3.634459394237228
60,600,2.425,0.10203928613331527,14.020517341908864
60,600,2.45,0.14554551654914016,15.062983448682807
60,600,2.475,0.2645448074789,2.7023974142959335
60,600,2.5,0.13180843450216706,11.502109684680917
60,600,2.55,0.1000524847396662,7.740669367321867
70,600,1.0,2.395008735267777e-05,1.4968804597418683e-06
70,600,1.8,0.030611067824264523,0.07306784679985877
70,600,2.15,0.13882939067453318,1.7777511219308144
70,600,2.3,0.1342289336211371,1.0685375166356657
70,600,2.325,0.17819505456236462,5.355830057659707
70,600,2.35,0.0969944044003696,0.9125954781556193
70,600,2.375,0.11300912962665108,3.0036582985197606
70,600,2.4,0.110752136615906,7.96813356747422
70,600,2.425,0.10122366555506186,1.8373635591349724
70,600,2.45,0.07727580305988137,10.953032598263203
70,600,2.475,0.09008945869746393,3.3570484212061618
70,600,2.5,0.09491019101442069,2.72993999033999
70,600,2.55,0.09253627140932734,2.36922698910831
70,600,1.0,0.0002825201091336811,6.196697020264745e-05
70,600,1.8,0.024326050748097777,0.05053781944701701
70,600,2.15,0.0379328044423423,0.07439119794352518
70,600,2.3,0.09429081060141879,5.390974462611218
70,600,2.325,0.22003308753833672,3.611260707880074
70,600,2.35,0.1576843329312451,3.7212968798897252
70,600,2.375,0.11291749939853442,4.629208364220779
70,600,2.4,0.2062467924677651,14.948749425445465
70,600,2.425,0.09239058357353395,2.609495073572474
70,600,2.45,0.0824042468985702,14.506237738869814
70,600,2.475,0.0842971405652827,5.737513958281977
70,600,2.5,0.09120940542106341,2.255649492910713
70,600,2.55,0.07716970854314201,2.757853790516131
70,600,1.0,1.1300893069374563e-05,8.304914561557919e-07
70,600,1.8,0.007624998865319191,0.004709043937729469
70,600,2.15,0.05220262849928432,0.15727583460085504
70,600,2.29,0.13135283209969428,1.382165622819638
70,600,2.3,0.11210719305282495,7.747731982108802
70,600,2.315,0.11857777083923178,1.5585695351843898
70,600,2.335,0.12058287270279566,3.471531560134401
70,600,1.0,2.1590560228302603e-05,4.908104699426912e-06
70,600,1.8,0.013226328282704983,0.008151793534665632
70,600,2.15,0.08796105160700665,0.49588803282586597
70,600,2.29,0.1757753813259831,5.460368884013099
70,600,2.3,0.08319467166310837,0.4194271791610983
70,600,2.315,0.07984039703113294,3.502465493922743
70,600,2.335,0.15448750471814626,1.398505918787161
15,600,0.5,0.0,0.0
15,600,1.0,0.0,0.0
15,600,1.5,0.5795035672142241,0.2654502797097423
15,600,1.8,0.03161694894020303,0.013073336848156945
15,200,0.5,0.0,0.0
15,200,1.0,0.0,0.0
15,200,1.5,0.0008316169495458332,0.00031185635608748356
15,200,1.8,0.051668376605010426,0.014399552306429832
15,200,2,1.3245330876481791,30.01161461826661
15,200,2.2,0.7366740626019977,0.8216494184523223
15,200,2.3,0.2846236784989152,0.17467214651435045
15,200,2.4,0.9441145438786857,25.50181274696361
15,200,2.5,0.42835138283889135,1.8823772299006207
15,200,2.6,0.4185502758688111,2.0372947796626444
15,200,2.65,0.9059131820471672,8.836544934306737
15,200,2.7,0.6374906008156302,3.7605502983477956
15,200,2.75,0.46395513992124987,9.663454739768436
15,200,2.8,0.6705981305365338,2.720779453701444
15,200,2.85,0.5122159524868046,15.303591102318201
15,200,2.9,0.45583235157866964,4.357443705270708
15,200,3.2,0.20468521589582928,3.2593462318034563
15,200,4.0,0.14998371107425845,1.627639579878542
15,200,4.5,0.09339749416308202,0.8973078748914658
15,200,0.5,0.0,0.0
15,200,1.0,0.0,0.0
15,200,1.5,0.03929285260938086,0.011733660913365118
15,200,1.8,0.0054722880036641094,0.0020860307516440205
15,200,2,0.0003915238621706334,0.00019576193109021125
15,200,2.2,0.7293137414651055,1.8020411075940075
15,200,2.3,0.0652144444757937,0.039794329479992896
15,200,2.4,0.3296870926574259,0.35700739102878626
15,200,2.5,0.49912531171304025,3.4119285645846738
15,200,2.6,0.5886911704898691,23.554802473863298
15,200,2.65,0.36706194031927986,4.46330023305245
15,200,2.7,0.24087255638689162,0.19341936863437628
15,200,2.75,0.49241587999193936,4.121769674634419
15,200,2.8,0.5236106191140547,1.9506735809488183
15,200,2.85,0.30900980205500983,6.285669404764778
15,200,2.9,0.59902072117649,6.341696777923255
15,200,3.2,0.21522234506479943,2.0051670044842553
15,200,4.0,0.10785381733308774,0.935381757877089
15,200,4.5,0.09173938507432348,0.997719856137691
15,200,0.5,0.0,0.0
15,200,1.0,0.0,0.0
15,200,1.5,0.03079079226637767,0.006213017218433747
15,200,1.8,0.0005775117705179386,0.00025988029673956975
15,200,2,0.08201324242982622,0.026576844173750724
15,200,2.2,0.25037177138488764,0.41332569475812975
15,200,2.3,0.6077782201503844,1.3745485348351747
15,200,2.4,0.9093675654648575,3.038599922198506
15,200,2.5,1.1038147651864134,8.412324471469937
15,200,2.6,0.677623497677076,17.79691944834214
15,200,2.65,0.41959538436399413,1.669742320310822
15,200,2.7,0.6090802570662074,10.446319622738942
15,200,2.75,0.36425647134189326,2.7560546805803843
15,200,2.8,0.355878054925674,8.814622618829818
15,200,2.85,0.3712702465050499,3.7495343468920925
15,200,2.9,0.32549154522450985,7.088533018178066
15,200,3.2,0.22201676801179263,3.114363736870705
15,200,4.0,0.13592835820895513,1.439743111602754
15,200,4.5,0.10561209134938028,1.2765157695747567
15,200,0.5,0.0,0.0
15,200,1.0,0.0,0.0
15,200,1.5,0.02843011827010372,0.013036643940796662
15,200,1.8,0.071256217009754,0.021289219198273587
15,200,2,0.4846530802776245,0.5177305570911768
15,200,2.2,0.07288849091954773,0.04089701883378874
15,200,2.3,0.03612918627010111,0.030082459415251558
15,200,2.4,1.1013989039712275,4.427552115962034
15,200,2.5,0.42855063546465205,0.46766629076872485
15,200,2.6,0.7409217627255633,4.674250022443322
15,200,2.625,1.066807293506433,10.591878196318547
15,200,2.65,0.6892820804713341,2.878321924040091
15,200,0.5,0.0,0.0
15,200,1.0,0.0,0.0
15,200,1.5,0.0,0.0
15,200,1.8,0.015564670171471567,0.007234281268449338
15,200,2,0.6556192862846252,1.4374739635154272
15,200,2.2,0.6298811828014304,1.126944759926836
15,200,2.3,0.4391775306296585,0.792173710086037
15,200,2.4,0.2538042298794097,0.2728353295250629
15,200,2.5,0.7664061047847177,1.089596128001849
15,200,2.6,0.2708042372693474,0.31923527660834816
15,200,2.625,0.49052227644287444,3.379317105244465
15,200,2.65,0.4767054819035815,8.371361658976321
15,200,0.5,0.0,0.0
15,200,1.0,0.0,0.0
15,200,1.5,0.0013795057633642681,0.0005173146612745332
15,200,1.8,0.004683183685292501,0.002107432658412223
15,200,2,0.07379595847920886,0.046230870339312106
15,200,2.2,0.8279977928945209,25.980545756068004
15,200,2.3,0.6724843889493232,1.9032636709103974
15,200,2.4,0.17489834776733593,0.2281481481478442
15,200,2.5,0.4454700011055827,1.091940554020359
15,200,2.6,0.4376770832084009,1.679921607536918
15,200,2.625,0.4621630402897196,1.736262546176052
15,200,2.65,0.5626896952985863,16.364500646082945
15,200,0.5,0.0,0.0
15,200,1.0,0.0,0.0
15,200,1.5,0.0,0.0
15,200,1.8,0.006526368310861571,0.0026695602918861286
15,200,2,0.1534427615011363,0.12240309563202331
15,200,2.2,0.5029156431900287,1.5384854403632677
15,200,2.3,1.1085748136258646,9.809141218224772
15,200,2.4,0.352085389240355,0.4057696701672724
15,200,2.5,0.2203754167434433,0.18542695903239487
15,200,2.6,0.5147397645420353,10.509418793971602
15,200,2.625,0.5466355837619938,10.08446147393349
15,200,2.65,0.45133461069497033,15.751418245365832
15,200,0.5,0.0,0.0
15,200,1.0,0.0,0.0
15,200,1.5,0.0,0.0
15,200,1.8,0.3667937404882313,0.3698987640673291
15,200,2,0.01990718014863937,0.011506713346578677
15,200,2.2,0.7828157650681393,3.010336421149256
15,200,2.3,0.9048555444439909,2.3112849280174985
15,200,2.4,0.1635973766285176,0.13467903281932447
15,200,2.5,0.8519669936736072,5.834920999938136
15,200,2.6,0.5872164780596979,14.532583199861513
15,200,2.625,0.6832901440559023,6.13332066065815
15,200,2.65,0.3341257086270715,4.704986486156408
15,200,0.5,0.0,0.0
15,200,1.0,0.0,0.0
15,200,1.5,0.034790939677469816,0.01482811457069332
15,200,1.8,0.04736470065462989,0.02578755058650368
15,200,2,0.3400699219949634,0.6015339598307261
15,200,2.2,0.0695280053157333,0.06386491783569456
15,200,2.3,0.2018181398080894,0.13969239150446122
15,200,2.4,0.5650381835677585,1.8619193743216154
15,200,2.5,0.794473051041091,3.9901511307665016
15,200,2.6,0.43845304124421375,12.358379347329638
15,200,2.625,0.4003923987464484,11.191143766177955
15,200,2.65,0.5282367194393397,1.291217335173898
15,200,0.5,0.0,0.0
15,200,1.0,0.0,0.0
15,200,1.5,0.010054877874004498,0.003872784226939155
15,200,1.8,0.0034165402222237637,0.0010220502426396467
15,200,2,0.05534008967508146,0.015941625207067947
15,200,2.2,0.06907903092434982,0.06781053207613066
15,200,2.3,0.335365641860013,0.5841287176575088
15,200,2.4,0.7952386217062836,23.26884818704833
15,200,2.5,0.22146174608439279,0.3549218844047127
15,200,2.6,0.7491097947329609,9.252340236142214
15,200,2.625,0.5209297633219084,1.6318768485610007
15,200,2.65,0.9128251827020951,5.170977314685101
15,200,0.5,0.0,0.0
15,200,1.0,0.0,0.0
15,200,1.5,0.009641165912549732,0.002822955182911417
15,200,1.8,0.0017072995030941896,0.0005529553876845177
15,200,2,0.547680560162152,0.5091272526256407
15,200,2.2,0.5262363217074509,0.7748327274959738
15,200,2.3,0.03739898375052797,0.01756627490512383
15,200,2.4,0.8651540650656184,4.016076653766995
15,200,2.5,0.719287387261224,1.030475710337848
15,200,2.6,0.4821062631905854,4.311887854176064
15,200,2.625,0.3284147323626542,6.834871820788291
15,200,2.65,0.9358866799309533,5.032370687907645
15,200,0.5,0.0,0.0
15,200,1.0,0.0,0.0
15,200,1.5,0.08120355151539943,0.026032930000015057
15,200,1.8,0.04108680799629366,0.014114775914053116
15,200,2,0.01565230636938751,0.0072679565133123595
15,200,2.2,0.0564154840530538,0.03109820147248106
15,200,2.3,0.6632860853844167,1.5828560471929887
15,200,2.4,0.46545543885510676,8.344177712262502
15,200,2.5,0.22170829605061138,0.19823843744302921
15,200,2.6,0.4396490772814285,11.938621498397278
15,200,2.625,0.45324849451686194,10.0955714970131
15,200,2.65,0.6170367838300171,1.7133893541845582
20,300,0.5,0.0,0.0
20,300,1.0,0.0,0.0
20,300,1.5,0.04545884090070132,0.012632447397563687
20,300,1.8,0.07341495426766745,0.037500553709855965
20,300,2,0.16468006644518288,0.10611769102990062
20,300,2.3,1.2869001249772336,4.036513361259567
20,300,2.4,0.5531910991140638,6.399542843300106
20,300,2.425,0.35747166510893497,1.0263890810699747
20,300,2.45,0.6680090383159825,11.814788189029759
20,300,2.475,0.6343437868737379,5.632262626262626
20,300,2.5,0.5599869235880404,12.445009302325584
20,300,2.55,0.4647904141136615,19.512210084033626
20,300,0.5,0.0,0.0
20,300,1.0,0.0,0.0
20,300,1.5,0.038531709117755636,0.010151052048726494
20,300,1.8,0.039384766826627095,0.01888621262458478
20,300,2,0.028692358803986878,0.014428156146179377
20,300,2.3,0.4689143309321795,0.6717719919110225
20,300,2.4,0.7547435631229227,33.16658499446289
20,300,2.425,0.5235572500917152,1.5880982292701282
20,300,2.45,0.47472290753714197,1.016406264831515
20,300,2.475,0.3755762395931526,1.1503579314742096
20,300,2.5,0.4765190166112954,3.8940158139534895
20,300,2.55,0.4589279104254566,7.457463031724321
20,300,0.5,0.0,0.0
20,300,1.0,0.0,0.0
20,300,1.5,0.0016298265042451053,0.0005339977851605837
20,300,1.8,0.11299577539887613,0.09112061646363932
20,300,2,0.4919882059800663,0.8534580564784062
20,300,2.3,0.7714204070866482,1.5109979777553086
20,300,2.4,0.5616976974898487,4.446081326135106
20,300,2.425,0.39537201428334934,3.4465163544199755
20,300,2.45,0.6793160657035209,5.165154586751646
20,300,2.475,0.6384828180458911,4.632450887613678
20,300,2.5,0.5637958803986717,1.4585055813953482
20,300,2.55,1.0159955345567333,3.1019829978503015
20,300,0.5,0.0,0.0
20,300,1.0,0.0,0.0
20,300,1.5,0.013335105204872553,0.004262569213732038
20,300,1.8,0.09732045445223746,0.06348366555924682
20,300,2,0.1540450166112954,0.09590913621262458
20,300,2.3,0.5535198990133717,1.0711377293081035
20,300,2.4,0.4012894518272422,3.9913863510520553
20,300,2.425,0.5608545716284227,6.483924444292229
20,300,2.45,0.7693590572034626,7.586221031934371
20,300,2.475,0.18933035851992855,0.1960233564884729
20,300,2.5,1.1440866445182722,21.537072956810633
20,300,2.55,0.777912916192469,12.473495863461688
20,300,0.5,0.0,0.0
20,300,1.0,0.0,0.0
20,300,1.5,0.004119306016980413,0.0010741971207087469
20,300,1.8,0.03662339526680606,0.014906884459210071
20,300,2,0.35088920265780726,1.512807225913621
20,300,2.3,0.20251323565430937,0.20282948143868276
20,300,2.4,0.22110361295681058,0.38717331118493886
20,300,2.425,1.2540654049685263,7.64442627667226
20,300,2.45,0.3486351340319161,10.202982371686227
20,300,2.475,0.524898313650957,12.095556696533441
20,300,2.5,0.48785020598006645,0.8183615946843853
20,300,2.55,0.5186530608595464,3.416923848609211
20,300,0.5,0.0,0.0
20,300,1.0,0.0,0.0
20,300,1.5,0.03853407161314142,0.009776633444075283
20,300,1.8,0.0822777982855503,0.033271133259505155
20,300,2,0.9190435215946839,2.5175196013289014
20,300,2.3,0.6614302670995855,1.3426705907843417
20,300,2.4,0.8231514165743818,3.390030454042081
20,300,2.425,0.6498925006064382,3.5277433982943442
20,300,2.45,0.6554903341769281,3.9367146925215266
20,300,2.475,0.6941506070470131,5.177189972817883
20,300,2.5,0.6800311495016607,8.617776943521603
20,300,2.55,0.5692956836177242,2.323646537684844
20,300,0.5,0.0,0.0
20,300,1.0,0.0,0.0
20,300,1.5,0.11637150239940906,0.06284872646733101
20,300,1.8,0.043821213239818,0.02578922111480248
20,300,2,0.049107807308970165,0.0462580564784053
20,300,2.3,0.43052597202770854,2.3689218546872723
20,300,2.4,0.663189945551864,1.8029907253599136
20,300,2.425,0.6741964239370735,53.25451916292767
20,300,2.475,0.5690071221290394,13.50502036981107
20,300,2.5,1.1096449700996676,32.73816205980063
20,300,2.55,0.5811571067095331,6.4246647775389185
20,300,0.5,0.0,0.0
20,300,1.0,0.0,0.0
20,300,1.5,0.010618826135105102,0.005700664451827256
20,300,1.8,0.03725072802592171,0.013683462532299729
20,300,2,0.7085581395348848,5.028078156146176
20,300,2.3,0.7004835802523409,8.234378881987581
20,300,2.4,0.4769468669250636,2.957695113510517
20,300,2.425,0.475028383441457,1.7049200260300723
20,300,2.475,0.5385443820398017,2.340310413101112
20,300,2.5,0.1931981395348836,0.214332093023256
20,300,2.55,0.9941550208774791,3.2884011465051146
